[[0.02376, -3.24624, 4.0, 0.07533],
[0.27983, -3.4045, 4.0, 0.07526],
[0.53595, -3.5624, 4.0, 0.07522],
[0.79215, -3.71985, 4.0, 0.07518],
[1.04849, -3.87636, 4.0, 0.07509],
[1.30502, -4.03162, 4.0, 0.07497],
[1.5618, -4.18529, 4.0, 0.07481],
[1.81886, -4.33707, 4.0, 0.07463],
[2.07623, -4.48674, 4.0, 0.07443],
[2.33395, -4.6339, 4.0, 0.07419],
[2.59207, -4.77812, 4.0, 0.07392],
[2.85065, -4.9189, 4.0, 0.0736],
[3.10972, -5.05563, 4.0, 0.07324],
[3.36936, -5.18755, 4.0, 0.07281],
[3.62963, -5.31369, 3.96107, 0.07302],
[3.89059, -5.43287, 3.48736, 0.08226],
[4.15228, -5.54364, 3.02121, 0.09406],
[4.4147, -5.64418, 2.63889, 0.10649],
[4.67782, -5.73224, 2.63889, 0.10514],
[4.94145, -5.80494, 2.63889, 0.10363],
[5.2052, -5.85859, 2.63889, 0.102],
[5.4683, -5.88867, 2.63889, 0.10035],
[5.72915, -5.88864, 2.63889, 0.09884],
[5.98437, -5.85069, 2.63991, 0.09774],
[6.23057, -5.77615, 2.86952, 0.08964],
[6.46639, -5.67147, 3.11832, 0.08274],
[6.69125, -5.5418, 3.35152, 0.07745],
[6.90476, -5.39103, 3.57663, 0.07308],
[7.10667, -5.22236, 3.78564, 0.0695],
[7.29681, -5.03844, 4.0, 0.06613],
[7.47548, -4.84185, 4.0, 0.06641],
[7.64252, -4.6342, 4.0, 0.06662],
[7.79781, -4.41691, 4.0, 0.06677],
[7.94131, -4.19124, 4.0, 0.06686],
[8.07302, -3.95833, 4.0, 0.06689],
[8.19293, -3.71918, 4.0, 0.06688],
[8.30112, -3.4747, 3.86905, 0.0691],
[8.39756, -3.22567, 3.536, 0.07552],
[8.48225, -2.97288, 3.17951, 0.08385],
[8.55439, -2.71685, 2.787, 0.09544],
[8.61269, -2.45818, 2.45535, 0.10799],
[8.65569, -2.19756, 2.45535, 0.10758],
[8.68033, -1.93585, 2.45535, 0.10706],
[8.68318, -1.67442, 2.45535, 0.10648],
[8.65951, -1.4154, 2.45535, 0.10593],
[8.60201, -1.16245, 2.45535, 0.10565],
[8.50189, -0.92182, 3.43877, 0.07579],
[8.38022, -0.68915, 3.79859, 0.06912],
[8.24067, -0.46365, 4.0, 0.0663],
[8.08643, -0.24439, 4.0, 0.06702],
[7.9201, -0.03053, 4.0, 0.06773],
[7.74401, 0.17871, 3.97132, 0.06886],
[7.56113, 0.38336, 3.4667, 0.07917],
[7.37803, 0.5796, 2.92467, 0.09177],
[7.19963, 0.77675, 2.92467, 0.09091],
[7.02854, 0.97773, 2.92467, 0.09025],
[6.86878, 1.18457, 2.92467, 0.08936],
[6.72431, 1.3992, 2.92467, 0.08846],
[6.59951, 1.62355, 2.92467, 0.08778],
[6.50227, 1.86087, 3.35044, 0.07655],
[6.42641, 2.10766, 3.97328, 0.06498],
[6.3662, 2.36113, 4.0, 0.06513],
[6.31728, 2.61931, 3.68529, 0.0713],
[6.27522, 2.88033, 3.22562, 0.08196],
[6.23615, 3.14148, 2.86255, 0.09224],
[6.19094, 3.39892, 2.5472, 0.10262],
[6.13601, 3.65025, 2.26089, 0.11379],
[6.06836, 3.893, 2.03151, 0.12405],
[5.98535, 4.12448, 1.73525, 0.14171],
[5.88426, 4.34115, 1.73525, 0.13779],
[5.76289, 4.53895, 1.73525, 0.13374],
[5.61943, 4.71283, 1.73525, 0.12991],
[5.45232, 4.85599, 1.73525, 0.12681],
[5.26127, 4.95995, 1.73525, 0.12535],
[5.04648, 5.00578, 2.08109, 0.10553],
[4.82197, 5.00737, 2.27089, 0.09887],
[4.59394, 4.96872, 2.49869, 0.09256],
[4.36728, 4.89439, 2.66839, 0.0894],
[4.14629, 4.78724, 2.82679, 0.08688],
[3.93514, 4.65055, 2.97361, 0.08459],
[3.73761, 4.48817, 3.10909, 0.08225],
[3.55666, 4.30438, 3.17944, 0.08112],
[3.3943, 4.10329, 2.89309, 0.08933],
[3.25221, 3.8882, 2.65829, 0.09697],
[3.13124, 3.6622, 2.39814, 0.10689],
[3.03155, 3.42794, 2.39814, 0.10616],
[2.95481, 3.18716, 2.39814, 0.10538],
[2.90248, 2.94165, 2.39814, 0.10467],
[2.87964, 2.693, 2.39814, 0.10412],
[2.89168, 2.44373, 2.39814, 0.10406],
[2.94692, 2.19778, 3.09431, 0.08147],
[3.02872, 1.95568, 3.34202, 0.07646],
[3.13412, 1.71787, 3.61021, 0.07205],
[3.26064, 1.48458, 3.3388, 0.07949],
[3.40629, 1.25599, 2.97824, 0.09101],
[3.56988, 1.03237, 2.67297, 0.10366],
[3.75041, 0.81399, 2.38778, 0.11866],
[3.91481, 0.58998, 2.15353, 0.12903],
[4.05587, 0.36356, 1.89411, 0.14084],
[4.16982, 0.13625, 1.67109, 0.15216],
[4.25344, -0.08986, 1.67109, 0.14426],
[4.30413, -0.31206, 1.67109, 0.13639],
[4.31928, -0.52695, 1.67109, 0.12891],
[4.29702, -0.73037, 1.67109, 0.12246],
[4.23338, -0.91594, 1.67109, 0.1174],
[4.124, -1.07374, 1.68293, 0.11409],
[3.97459, -1.19807, 1.833, 0.10604],
[3.79357, -1.2878, 2.02439, 0.0998],
[3.58737, -1.34252, 2.23542, 0.09543],
[3.3612, -1.36178, 2.50092, 0.09076],
[3.12026, -1.34651, 2.83614, 0.08512],
[2.86948, -1.29946, 3.27006, 0.07803],
[2.61302, -1.22514, 3.65071, 0.07314],
[2.35368, -1.12667, 4.0, 0.06935],
[2.09362, -1.00836, 4.0, 0.07143],
[1.83416, -0.87446, 4.0, 0.073],
[1.57593, -0.72888, 4.0, 0.07411],
[1.31914, -0.57507, 4.0, 0.07483],
[1.06369, -0.41602, 4.0, 0.07523],
[0.80944, -0.25418, 4.0, 0.07535],
[0.55585, -0.09134, 4.0, 0.07534],
[0.30298, 0.07255, 4.0, 0.07534],
[0.05087, 0.2376, 4.0, 0.07533],
[-0.20037, 0.40395, 4.0, 0.07533],
[-0.45063, 0.57174, 4.0, 0.07533],
[-0.69976, 0.74123, 3.99449, 0.07543],
[-0.94752, 0.91273, 3.54155, 0.08508],
[-1.19359, 1.08667, 3.20939, 0.09389],
[-1.43448, 1.26601, 2.91836, 0.10291],
[-1.66524, 1.45242, 2.66749, 0.11121],
[-1.88038, 1.64665, 2.35325, 0.12317],
[-2.07459, 1.84865, 2.10915, 0.13286],
[-2.24328, 2.0576, 1.79836, 0.14933],
[-2.3833, 2.27205, 1.79836, 0.14242],
[-2.49206, 2.49034, 1.79836, 0.13561],
[-2.56743, 2.71061, 1.79836, 0.12945],
[-2.60445, 2.93068, 1.79836, 0.12409],
[-2.5981, 3.14747, 1.79836, 0.1206],
[-2.53507, 3.35479, 2.11225, 0.10259],
[-2.43017, 3.55132, 2.47607, 0.08997],
[-2.29253, 3.73739, 2.92062, 0.07924],
[-2.13144, 3.91494, 2.50936, 0.09554],
[-1.95808, 4.08774, 2.17826, 0.11237],
[-1.79814, 4.25192, 1.93344, 0.11855],
[-1.6495, 4.4177, 1.69606, 0.13128],
[-1.51859, 4.58586, 1.5, 0.14207],
[-1.41023, 4.75675, 1.5, 0.1349],
[-1.32828, 4.93026, 1.5, 0.12792],
[-1.27689, 5.10577, 1.5, 0.12192],
[-1.26024, 5.28183, 1.5, 0.1179],
[-1.28625, 5.45556, 1.5, 0.11711],
[-1.36871, 5.6196, 1.90798, 0.09623],
[-1.48985, 5.772, 2.14989, 0.09055],
[-1.6456, 5.91042, 2.38368, 0.08741],
[-1.8333, 6.03231, 2.69435, 0.08307],
[-2.04874, 6.13632, 3.00565, 0.07959],
[-2.28808, 6.22144, 3.43961, 0.07385],
[-2.54621, 6.28863, 3.82559, 0.06972],
[-2.81937, 6.33863, 4.0, 0.06942],
[-3.10346, 6.3736, 4.0, 0.07156],
[-3.39511, 6.39611, 4.0, 0.07313],
[-3.69205, 6.40729, 4.0, 0.07429],
[-3.99079, 6.40762, 4.0, 0.07469],
[-4.28809, 6.39804, 4.0, 0.07436],
[-4.58281, 6.37929, 4.0, 0.07383],
[-4.8744, 6.35169, 4.0, 0.07322],
[-5.16253, 6.31547, 4.0, 0.0726],
[-5.44701, 6.27087, 4.0, 0.07199],
[-5.72762, 6.21789, 3.68892, 0.07741],
[-6.00403, 6.1563, 3.30762, 0.08562],
[-6.2755, 6.08501, 2.91601, 0.09625],
[-6.54112, 6.00286, 2.91601, 0.09535],
[-6.79972, 5.90834, 2.91601, 0.09442],
[-7.04919, 5.79869, 2.91601, 0.09345],
[-7.28688, 5.671, 2.91601, 0.09253],
[-7.50922, 5.52209, 2.91601, 0.09177],
[-7.71006, 5.34797, 3.20595, 0.08291],
[-7.89128, 5.15516, 3.39992, 0.07783],
[-8.05371, 4.94762, 3.57538, 0.07371],
[-8.19814, 4.72843, 3.74334, 0.07012],
[-8.32548, 4.50007, 3.7256, 0.07018],
[-8.4361, 4.26429, 3.58653, 0.07262],
[-8.53038, 4.02261, 3.29033, 0.07884],
[-8.60867, 3.77633, 2.99102, 0.0864],
[-8.67053, 3.5265, 2.71407, 0.09483],
[-8.71513, 3.27422, 2.42949, 0.10545],
[-8.74111, 3.02072, 2.17743, 0.11703],
[-8.7472, 2.7675, 2.17743, 0.11633],
[-8.73004, 2.51655, 2.17743, 0.11552],
[-8.68558, 2.27094, 2.17743, 0.11463],
[-8.60929, 2.03501, 2.17743, 0.11388],
[-8.49512, 1.81518, 2.17743, 0.11376],
[-8.3359, 1.62123, 2.89031, 0.08682],
[-8.1515, 1.44473, 3.25086, 0.07852],
[-7.94664, 1.28345, 3.67225, 0.071],
[-7.72502, 1.1352, 4.0, 0.06666],
[-7.49031, 0.9973, 4.0, 0.06806],
[-7.24561, 0.86731, 4.0, 0.06927],
[-6.99408, 0.74267, 4.0, 0.07018],
[-6.73908, 0.62073, 4.0, 0.07066],
[-6.4718, 0.4901, 4.0, 0.07437],
[-6.20537, 0.35735, 4.0, 0.07442],
[-5.93968, 0.2227, 4.0, 0.07447],
[-5.67467, 0.08632, 4.0, 0.07451],
[-5.4103, -0.05166, 4.0, 0.07455],
[-5.14655, -0.19122, 4.0, 0.0746],
[-4.88345, -0.33241, 4.0, 0.07465],
[-4.62095, -0.47513, 4.0, 0.0747],
[-4.35908, -0.61942, 4.0, 0.07475],
[-4.09784, -0.76533, 4.0, 0.0748],
[-3.83724, -0.91283, 4.0, 0.07486],
[-3.57726, -1.0619, 4.0, 0.07492],
[-3.31788, -1.21248, 4.0, 0.07498],
[-3.05906, -1.36448, 4.0, 0.07504],
[-2.80076, -1.51778, 4.0, 0.07509],
[-2.54292, -1.67223, 4.0, 0.07514],
[-2.28548, -1.82769, 4.0, 0.07518],
[-2.02836, -1.98398, 4.0, 0.07522],
[-1.77147, -2.14081, 4.0, 0.07525],
[-1.51471, -2.298, 4.0, 0.07526],
[-1.25805, -2.45541, 4.0, 0.07527],
[-1.00149, -2.61309, 4.0, 0.07528],
[-0.74504, -2.77103, 4.0, 0.0753],
[-0.48868, -2.92921, 4.0, 0.07531],
[-0.2324, -3.08758, 4.0, 0.07532]]